AGE,NETINCOME
18,0
18,0
18,0
18,0
18,0
18,0
18,0
18,0
18,0
18,0
18,0
18,0
18,0
18,0
18,0
18,0
18,0
18,0
18,0
19,0
19,0
19,0
19,0
19,0
19,0
19,0
19,0
19,0
19,0
19,0
19,0
19,0
19,0
19,0
19,0
19,0
19,0
19,0
19,0
19,0
19,0
20,0
20,0
20,0
20,0
20,0
20,0
20,0
20,0
20,0
20,0
20,0
20,0
21,0
21,0
21,0
21,0
21,0
21,0
21,0
21,0
21,0
21,0
21,0
21,0
22,0
22,0
22,0
22,0
22,0
22,0
22,0
23,0
23,0
23,0
23,0
23,0
24,0
24,0
24,0
24,0
24,0
24,0
25,0
25,0
25,0
25,0
25,0
25,0
25,0
25,0
25,0
26,0
26,0
26,0
27,0
27,0
27,0
27,0
27,0
28,0
28,0
28,0
28,0
28,0
28,0
29,0
29,0
29,0
29,0
29,0
30,0
30,0
30,0
31,0
31,0
31,0
32,0
32,0
32,0
32,0
33,0
33,0
33,0
33,0
34,0
34,0
35,0
37,0
37,0
37,0
38,0
38,0
38,0
39,0
40,0
40,0
40,0
40,0
41,0
41,0
42,0
42,0
42,0
43,0
44,0
44,0
44,0
44,0
45,0
45,0
45,0
46,0
46,0
46,0
47,0
47,0
47,0
47,0
47,0
47,0
47,0
48,0
48,0
48,0
48,0
49,0
49,0
49,0
50,0
50,0
50,0
50,0
51,0
51,0
52,0
52,0
52,0
52,0
52,0
52,0
53,0
53,0
53,0
54,0
54,0
54,0
55,0
55,0
55,0
55,0
55,0
55,0
56,0
56,0
56,0
56,0
57,0
58,0
59,0
59,0
59,0
59,0
60,0
60,0
60,0
60,0
61,0
61,0
61,0
61,0
61,0
62,0
62,0
62,0
62,0
63,0
63,0
63,0
64,0
64,0
65,0
65,0
68,0
70,0
71,0
72,0
73,0
73,0
73,0
73,0
74,0
74,0
76,0
77,0
79,0
79,0
79,0
81,0
82,0
89,0
19,30
18,40
18,50
19,50
19,50
70,73
35,75
22,100
45,100
45,100
49,100
58,100
68,100
73,100
21,102
44,110
78,112
23,120
43,120
69,120
65,125
18,130
53,137
21,140
73,145
67,147
22,150
24,150
27,150
49,150
73,150
70,151
32,156
62,159
53,165
70,170
47,175
24,179
67,180
56,181
78,183
32,184
62,190
62,190
18,200
18,200
20,200
23,200
32,200
33,200
33,200
43,200
52,200
55,200
61,200
67,200
74,200
77,200
49,209
77,220
61,225
75,225
73,230
76,230
19,235
60,240
81,240
82,240
85,240
48,248
82,248
19,250
22,250
30,250
40,250
46,250
48,250
58,250
58,250
75,250
22,260
82,260
20,261
59,262
18,270
65,270
71,270
76,270
21,275
32,277
73,280
61,286
70,287
80,299
19,300
20,300
25,300
26,300
26,300
29,300
30,300
30,300
31,300
35,300
40,300
41,300
45,300
51,300
52,300
54,300
57,300
71,300
73,300
74,300
78,300
78,300
79,300
18,308
19,318
51,320
55,320
63,320
74,320
36,325
71,327
21,330
76,330
22,340
74,340
23,345
80,345
19,350
21,350
23,350
24,350
26,350
26,350
27,350
29,350
31,350
34,350
34,350
41,350
46,350
49,350
53,350
58,350
62,350
64,350
32,352
56,354
73,354
26,358
21,359
44,360
49,360
52,360
52,360
73,360
76,360
75,361
31,364
51,364
52,364
40,365
48,365
57,365
61,365
54,367
63,367
54,368
57,368
33,369
41,369
23,370
24,370
28,370
46,370
57,371
29,374
32,374
47,374
49,374
49,374
22,375
44,375
46,379
46,380
52,380
69,380
72,380
48,381
61,385
48,389
21,390
47,390
60,390
25,391
77,392
18,395
19,397
19,400
19,400
20,400
20,400
20,400
20,400
21,400
21,400
21,400
22,400
23,400
23,400
23,400
24,400
24,400
24,400
24,400
24,400
25,400
25,400
26,400
26,400
29,400
29,400
31,400
31,400
31,400
32,400
33,400
33,400
34,400
35,400
37,400
39,400
40,400
41,400
41,400
41,400
42,400
42,400
44,400
44,400
44,400
44,400
44,400
45,400
45,400
45,400
46,400
47,400
48,400
49,400
50,400
50,400
51,400
51,400
51,400
53,400
54,400
54,400
56,400
58,400
59,400
60,400
60,400
62,400
62,400
63,400
63,400
64,400
65,400
67,400
68,400
72,400
67,406
60,410
60,414
22,420
23,420
24,420
51,420
52,420
71,420
50,421
21,425
62,425
18,430
22,430
63,430
70,430
53,440
65,440
19,450
20,450
21,450
23,450
23,450
29,450
35,450
36,450
45,450
46,450
54,450
56,450
57,450
61,450
62,450
62,450
19,460
37,460
76,460
20,470
19,480
25,482
65,483
64,485
78,485
66,490
65,498
19,500
20,500
20,500
20,500
20,500
20,500
20,500
21,500
21,500
21,500
23,500
23,500
26,500
27,500
27,500
29,500
32,500
33,500
37,500
37,500
38,500
39,500
41,500
42,500
48,500
49,500
49,500
49,500
49,500
50,500
51,500
51,500
54,500
56,500
58,500
59,500
61,500
62,500
63,500
64,500
64,500
71,500
72,500
72,500
73,500
75,500
82,500
85,500
61,501
67,503
53,504
20,510
48,510
19,512
21,512
21,520
48,520
64,520
68,520
56,530
62,530
60,535
27,540
35,540
63,540
64,540
65,540
73,540
24,548
36,548
18,550
19,550
21,550
23,550
23,550
42,550
42,550
53,550
55,550
58,550
61,550
75,550
19,553
20,555
82,555
71,556
19,560
41,560
46,560
61,564
35,565
21,570
42,573
73,575
51,577
44,580
48,580
73,580
19,590
20,590
62,590
65,590
79,590
18,600
19,600
19,600
19,600
20,600
21,600
21,600
22,600
22,600
22,600
23,600
23,600
23,600
24,600
24,600
27,600
28,600
28,600
29,600
29,600
30,600
31,600
33,600
34,600
36,600
36,600
37,600
42,600
42,600
42,600
43,600
44,600
46,600
46,600
47,600
52,600
53,600
54,600
54,600
55,600
55,600
55,600
56,600
56,600
58,600
59,600
60,600
61,600
62,600
63,600
64,600
65,600
73,600
73,600
73,600
74,600
75,600
78,600
80,600
83,600
69,602
62,604
69,604
75,605
23,610
72,617
62,618
70,618
19,620
28,620
51,620
73,620
65,621
24,624
18,625
23,625
33,625
48,625
37,629
20,630
34,630
60,630
67,630
76,630
34,633
52,633
60,635
63,638
24,639
28,640
58,640
69,640
78,640
26,641
26,644
63,644
19,650
20,650
21,650
22,650
22,650
24,650
24,650
26,650
26,650
27,650
33,650
37,650
40,650
44,650
46,650
49,650
56,650
60,650
61,650
68,650
70,650
76,650
82,650
69,656
46,662
95,663
21,665
31,670
44,670
44,670
65,670
66,670
64,673
38,680
46,680
67,680
80,680
20,684
56,684
21,685
73,685
72,689
65,690
77,690
62,697
37,699
19,700
20,700
23,700
23,700
25,700
26,700
26,700
29,700
31,700
31,700
31,700
32,700
34,700
35,700
36,700
38,700
39,700
41,700
43,700
45,700
46,700
46,700
46,700
47,700
47,700
49,700
49,700
49,700
50,700
50,700
50,700
50,700
50,700
51,700
51,700
51,700
52,700
54,700
57,700
57,700
58,700
58,700
61,700
64,700
64,700
64,700
65,700
72,700
74,700
75,700
76,700
77,700
81,700
82,700
84,700
88,700
95,700
59,704
62,710
68,710
70,712
26,720
38,720
65,720
52,725
50,727
26,730
37,730
54,730
69,730
63,732
19,740
35,740
71,740
75,740
36,745
19,747
57,749
20,750
22,750
23,750
25,750
26,750
26,750
29,750
34,750
42,750
42,750
43,750
45,750
48,750
60,750
62,750
62,750
70,750
73,750
77,750
92,750
20,760
48,762
29,765
47,770
62,770
68,770
75,776
53,780
64,780
67,780
71,780
82,780
76,789
65,790
19,800
20,800
20,800
21,800
22,800
22,800
22,800
25,800
25,800
26,800
28,800
29,800
31,800
32,800
32,800
33,800
34,800
34,800
35,800
35,800
36,800
38,800
38,800
39,800
39,800
39,800
41,800
42,800
42,800
44,800
44,800
45,800
45,800
45,800
47,800
48,800
49,800
49,800
50,800
50,800
51,800
51,800
51,800
52,800
52,800
54,800
54,800
55,800
55,800
56,800
56,800
57,800
58,800
58,800
59,800
59,800
59,800
59,800
60,800
60,800
61,800
63,800
63,800
64,800
65,800
66,800
67,800
68,800
69,800
69,800
70,800
72,800
72,800
72,800
72,800
72,800
73,800
75,800
78,800
79,800
79,800
81,800
83,800
84,800
70,805
85,807
43,811
70,815
31,820
33,820
52,820
81,820
48,823
64,826
64,830
76,830
81,830
68,836
26,838
20,850
30,850
32,850
42,850
42,850
45,850
53,850
57,850
63,850
64,850
65,850
67,850
70,850
71,850
74,850
76,850
82,850
22,854
21,860
70,860
75,860
70,865
21,870
28,870
37,870
43,870
58,870
79,870
24,875
51,875
64,875
50,880
55,880
77,880
78,880
28,885
43,890
77,890
20,900
23,900
23,900
23,900
25,900
25,900
26,900
26,900
26,900
26,900
27,900
28,900
31,900
32,900
33,900
35,900
35,900
36,900
37,900
39,900
40,900
43,900
43,900
43,900
44,900
46,900
47,900
50,900
50,900
50,900
51,900
51,900
51,900
51,900
55,900
55,900
55,900
57,900
58,900
62,900
63,900
65,900
67,900
68,900
68,900
71,900
71,900
71,900
71,900
72,900
72,900
75,900
75,900
76,900
77,900
78,900
85,900
76,905
29,910
79,915
19,920
72,920
72,920
77,920
31,930
39,930
42,930
27,933
56,940
59,940
21,950
35,950
42,950
42,950
47,950
49,950
52,950
58,950
66,950
67,950
67,950
75,950
75,950
76,950
25,957
63,960
83,960
19,965
56,965
27,966
74,970
78,978
23,980
45,980
54,980
62,980
68,980
69,980
70,980
63,990
63,990
19,1000
20,1000
21,1000
21,1000
22,1000
23,1000
23,1000
25,1000
25,1000
25,1000
25,1000
26,1000
27,1000
28,1000
28,1000
29,1000
30,1000
30,1000
30,1000
31,1000
31,1000
33,1000
35,1000
36,1000
36,1000
37,1000
37,1000
37,1000
38,1000
38,1000
39,1000
40,1000
40,1000
40,1000
43,1000
43,1000
45,1000
45,1000
45,1000
45,1000
46,1000
46,1000
46,1000
47,1000
48,1000
48,1000
48,1000
48,1000
48,1000
49,1000
49,1000
49,1000
49,1000
49,1000
50,1000
52,1000
52,1000
52,1000
53,1000
54,1000
54,1000
54,1000
55,1000
55,1000
55,1000
55,1000
55,1000
56,1000
56,1000
57,1000
57,1000
58,1000
58,1000
58,1000
58,1000
59,1000
59,1000
59,1000
59,1000
59,1000
60,1000
60,1000
60,1000
62,1000
62,1000
62,1000
63,1000
63,1000
63,1000
65,1000
65,1000
65,1000
66,1000
66,1000
68,1000
68,1000
68,1000
69,1000
69,1000
69,1000
69,1000
70,1000
70,1000
71,1000
71,1000
71,1000
72,1000
72,1000
72,1000
72,1000
72,1000
72,1000
72,1000
72,1000
72,1000
73,1000
73,1000
74,1000
75,1000
75,1000
77,1000
77,1000
78,1000
78,1000
78,1000
78,1000
78,1000
79,1000
84,1000
87,1000
90,1000
90,1000
29,1003
54,1004
66,1010
73,1017
75,1025
64,1030
18,1050
21,1050
22,1050
41,1050
49,1050
55,1050
61,1050
67,1050
72,1050
73,1050
73,1050
76,1050
29,1060
70,1060
62,1064
27,1080
55,1080
32,1084
29,1085
19,1100
21,1100
21,1100
24,1100
24,1100
24,1100
24,1100
25,1100
25,1100
25,1100
26,1100
26,1100
28,1100
28,1100
28,1100
29,1100
29,1100
32,1100
35,1100
35,1100
37,1100
39,1100
42,1100
42,1100
44,1100
45,1100
46,1100
47,1100
49,1100
50,1100
50,1100
50,1100
52,1100
52,1100
53,1100
53,1100
54,1100
55,1100
56,1100
56,1100
58,1100
60,1100
61,1100
62,1100
62,1100
62,1100
63,1100
64,1100
66,1100
67,1100
67,1100
68,1100
69,1100
69,1100
69,1100
70,1100
71,1100
72,1100
72,1100
73,1100
73,1100
74,1100
74,1100
74,1100
74,1100
75,1100
78,1100
78,1100
79,1100
80,1100
81,1100
82,1100
85,1100
85,1100
59,1120
35,1125
46,1125
63,1125
21,1130
66,1130
65,1134
31,1140
23,1150
26,1150
28,1150
31,1150
32,1150
37,1150
48,1150
69,1150
70,1150
72,1150
72,1150
75,1160
39,1166
65,1175
35,1180
55,1180
62,1180
67,1180
20,1200
21,1200
23,1200
24,1200
24,1200
26,1200
26,1200
27,1200
28,1200
28,1200
28,1200
29,1200
30,1200
30,1200
31,1200
32,1200
34,1200
34,1200
38,1200
39,1200
39,1200
39,1200
40,1200
40,1200
41,1200
41,1200
42,1200
42,1200
42,1200
43,1200
43,1200
43,1200
43,1200
44,1200
44,1200
45,1200
46,1200
46,1200
47,1200
47,1200
47,1200
49,1200
49,1200
50,1200
52,1200
52,1200
53,1200
53,1200
53,1200
54,1200
54,1200
54,1200
56,1200
57,1200
58,1200
58,1200
58,1200
58,1200
59,1200
59,1200
60,1200
60,1200
61,1200
61,1200
63,1200
64,1200
65,1200
65,1200
65,1200
66,1200
66,1200
67,1200
67,1200
67,1200
67,1200
67,1200
68,1200
68,1200
68,1200
69,1200
69,1200
69,1200
70,1200
70,1200
70,1200
71,1200
71,1200
72,1200
72,1200
72,1200
72,1200
72,1200
72,1200
73,1200
73,1200
73,1200
74,1200
75,1200
75,1200
75,1200
76,1200
76,1200
76,1200
78,1200
79,1200
79,1200
80,1200
81,1200
82,1200
85,1200
85,1200
86,1200
86,1200
75,1207
62,1224
22,1240
73,1240
87,1240
21,1250
21,1250
28,1250
32,1250
33,1250
37,1250
42,1250
44,1250
46,1250
47,1250
49,1250
51,1250
54,1250
57,1250
59,1250
62,1250
63,1250
63,1250
68,1250
69,1250
69,1250
69,1250
73,1250
74,1250
74,1250
79,1250
30,1256
26,1260
63,1260
76,1260
64,1270
73,1270
74,1270
92,1270
61,1285
83,1290
21,1300
21,1300
21,1300
22,1300
23,1300
24,1300
24,1300
24,1300
25,1300
25,1300
28,1300
29,1300
29,1300
31,1300
31,1300
32,1300
32,1300
34,1300
34,1300
34,1300
35,1300
35,1300
38,1300
40,1300
40,1300
41,1300
41,1300
42,1300
43,1300
43,1300
43,1300
44,1300
44,1300
45,1300
45,1300
45,1300
48,1300
50,1300
51,1300
51,1300
51,1300
52,1300
52,1300
53,1300
53,1300
54,1300
54,1300
55,1300
58,1300
58,1300
58,1300
59,1300
61,1300
62,1300
64,1300
65,1300
66,1300
67,1300
69,1300
72,1300
72,1300
72,1300
73,1300
73,1300
74,1300
75,1300
76,1300
76,1300
77,1300
77,1300
78,1300
78,1300
79,1300
79,1300
80,1300
84,1300
90,1300
92,1300
65,1320
77,1340
24,1350
25,1350
30,1350
31,1350
50,1350
52,1350
53,1350
54,1350
68,1350
74,1350
29,1370
68,1370
83,1370
53,1375
72,1375
68,1380
63,1390
19,1396
19,1400
20,1400
23,1400
23,1400
23,1400
24,1400
24,1400
25,1400
25,1400
26,1400
27,1400
27,1400
28,1400
28,1400
29,1400
30,1400
31,1400
31,1400
33,1400
34,1400
34,1400
36,1400
37,1400
38,1400
38,1400
39,1400
39,1400
40,1400
40,1400
41,1400
42,1400
43,1400
43,1400
43,1400
45,1400
45,1400
48,1400
49,1400
50,1400
51,1400
51,1400
54,1400
57,1400
58,1400
60,1400
60,1400
62,1400
63,1400
66,1400
66,1400
67,1400
67,1400
69,1400
69,1400
72,1400
73,1400
74,1400
75,1400
76,1400
76,1400
77,1400
78,1400
80,1400
85,1400
87,1400
88,1400
88,1400
90,1400
65,1415
41,1420
23,1432
21,1450
23,1450
24,1450
24,1450
44,1450
46,1450
48,1450
48,1450
49,1450
49,1450
52,1450
64,1450
65,1450
82,1450
40,1460
61,1461
28,1480
20,1500
21,1500
21,1500
22,1500
22,1500
22,1500
23,1500
23,1500
23,1500
24,1500
24,1500
24,1500
24,1500
24,1500
25,1500
26,1500
26,1500
26,1500
26,1500
27,1500
27,1500
28,1500
29,1500
31,1500
31,1500
31,1500
32,1500
32,1500
33,1500
33,1500
34,1500
34,1500
35,1500
35,1500
36,1500
36,1500
38,1500
39,1500
39,1500
41,1500
41,1500
41,1500
42,1500
42,1500
42,1500
42,1500
42,1500
43,1500
43,1500
44,1500
45,1500
45,1500
45,1500
45,1500
45,1500
46,1500
46,1500
46,1500
47,1500
47,1500
47,1500
48,1500
48,1500
48,1500
49,1500
49,1500
49,1500
49,1500
49,1500
50,1500
50,1500
50,1500
50,1500
50,1500
50,1500
52,1500
52,1500
53,1500
53,1500
54,1500
54,1500
54,1500
54,1500
55,1500
56,1500
56,1500
56,1500
56,1500
57,1500
57,1500
58,1500
60,1500
61,1500
61,1500
61,1500
61,1500
62,1500
63,1500
63,1500
64,1500
64,1500
65,1500
65,1500
65,1500
68,1500
68,1500
69,1500
69,1500
69,1500
70,1500
71,1500
71,1500
72,1500
73,1500
73,1500
73,1500
73,1500
74,1500
74,1500
75,1500
75,1500
76,1500
78,1500
78,1500
80,1500
81,1500
81,1500
82,1500
83,1500
86,1500
89,1500
38,1550
39,1550
41,1550
47,1550
50,1550
57,1550
86,1550
61,1560
84,1560
71,1566
28,1570
54,1570
48,1587
20,1600
21,1600
21,1600
22,1600
24,1600
25,1600
25,1600
31,1600
31,1600
31,1600
32,1600
32,1600
33,1600
37,1600
37,1600
37,1600
38,1600
39,1600
40,1600
40,1600
40,1600
41,1600
41,1600
41,1600
42,1600
42,1600
42,1600
43,1600
43,1600
43,1600
43,1600
46,1600
47,1600
47,1600
47,1600
48,1600
48,1600
49,1600
50,1600
51,1600
51,1600
51,1600
51,1600
51,1600
53,1600
54,1600
56,1600
56,1600
58,1600
59,1600
60,1600
61,1600
62,1600
62,1600
64,1600
69,1600
70,1600
71,1600
72,1600
72,1600
74,1600
76,1600
77,1600
80,1600
87,1600
71,1610
25,1635
56,1640
74,1646
30,1650
41,1650
68,1650
70,1650
71,1650
48,1660
46,1670
36,1675
32,1678
22,1700
23,1700
26,1700
28,1700
31,1700
32,1700
32,1700
33,1700
35,1700
35,1700
38,1700
38,1700
40,1700
41,1700
41,1700
42,1700
43,1700
43,1700
43,1700
44,1700
45,1700
45,1700
45,1700
45,1700
46,1700
47,1700
47,1700
48,1700
51,1700
51,1700
53,1700
53,1700
53,1700
53,1700
55,1700
55,1700
55,1700
56,1700
61,1700
63,1700
65,1700
65,1700
66,1700
68,1700
68,1700
68,1700
70,1700
72,1700
73,1700
74,1700
75,1700
78,1700
80,1700
81,1700
82,1700
35,1740
22,1750
24,1750
27,1750
50,1750
54,1750
55,1750
55,1750
58,1750
61,1750
62,1750
74,1750
75,1750
77,1750
35,1760
19,1800
22,1800
24,1800
25,1800
25,1800
25,1800
26,1800
26,1800
27,1800
27,1800
27,1800
28,1800
29,1800
31,1800
31,1800
31,1800
31,1800
31,1800
33,1800
33,1800
34,1800
35,1800
36,1800
36,1800
36,1800
37,1800
37,1800
38,1800
39,1800
40,1800
41,1800
42,1800
42,1800
43,1800
44,1800
44,1800
44,1800
46,1800
46,1800
47,1800
48,1800
48,1800
48,1800
49,1800
49,1800
49,1800
50,1800
52,1800
56,1800
56,1800
56,1800
56,1800
56,1800
56,1800
57,1800
59,1800
61,1800
61,1800
61,1800
61,1800
62,1800
63,1800
63,1800
66,1800
68,1800
70,1800
71,1800
73,1800
73,1800
81,1800
83,1800
85,1800
86,1800
27,1850
30,1850
33,1850
35,1850
37,1850
37,1850
37,1850
40,1850
55,1850
32,1856
23,1900
23,1900
26,1900
26,1900
33,1900
34,1900
36,1900
36,1900
36,1900
36,1900
37,1900
38,1900
41,1900
41,1900
43,1900
44,1900
44,1900
44,1900
48,1900
49,1900
50,1900
50,1900
51,1900
53,1900
53,1900
57,1900
59,1900
62,1900
63,1900
70,1900
73,1900
73,1900
75,1900
78,1900
84,1900
86,1900
25,1950
35,1950
38,1950
39,1950
48,1950
52,1950
53,1950
66,1960
42,1997
25,2000
26,2000
26,2000
27,2000
27,2000
28,2000
28,2000
28,2000
29,2000
29,2000
29,2000
29,2000
30,2000
31,2000
32,2000
32,2000
32,2000
32,2000
33,2000
34,2000
34,2000
34,2000
34,2000
34,2000
35,2000
35,2000
36,2000
36,2000
36,2000
37,2000
38,2000
38,2000
38,2000
39,2000
39,2000
39,2000
40,2000
40,2000
40,2000
40,2000
41,2000
41,2000
41,2000
42,2000
42,2000
42,2000
42,2000
43,2000
43,2000
45,2000
45,2000
45,2000
45,2000
46,2000
46,2000
46,2000
47,2000
47,2000
47,2000
47,2000
47,2000
48,2000
48,2000
48,2000
48,2000
49,2000
49,2000
49,2000
49,2000
49,2000
50,2000
50,2000
50,2000
51,2000
51,2000
52,2000
52,2000
52,2000
52,2000
52,2000
53,2000
53,2000
53,2000
53,2000
53,2000
54,2000
54,2000
54,2000
55,2000
55,2000
55,2000
55,2000
55,2000
56,2000
56,2000
57,2000
57,2000
58,2000
58,2000
58,2000
59,2000
61,2000
61,2000
63,2000
64,2000
65,2000
66,2000
67,2000
68,2000
68,2000
68,2000
68,2000
68,2000
68,2000
69,2000
70,2000
70,2000
71,2000
71,2000
72,2000
72,2000
72,2000
73,2000
73,2000
73,2000
73,2000
74,2000
75,2000
75,2000
78,2000
82,2000
83,2000
85,2000
88,2000
44,2040
63,2050
48,2066
44,2080
27,2100
27,2100
31,2100
36,2100
37,2100
38,2100
38,2100
44,2100
44,2100
47,2100
48,2100
51,2100
55,2100
56,2100
56,2100
57,2100
57,2100
58,2100
59,2100
61,2100
62,2100
63,2100
63,2100
64,2100
70,2100
84,2100
51,2111
61,2175
22,2200
28,2200
29,2200
29,2200
31,2200
31,2200
32,2200
32,2200
33,2200
35,2200
36,2200
38,2200
40,2200
40,2200
40,2200
43,2200
45,2200
45,2200
46,2200
46,2200
47,2200
47,2200
47,2200
49,2200
50,2200
51,2200
51,2200
52,2200
54,2200
55,2200
58,2200
58,2200
59,2200
61,2200
63,2200
64,2200
67,2200
69,2200
71,2200
75,2200
90,2200
23,2250
32,2250
56,2250
59,2250
61,2250
61,2250
65,2250
84,2250
22,2300
24,2300
28,2300
30,2300
32,2300
35,2300
40,2300
40,2300
41,2300
42,2300
46,2300
46,2300
46,2300
49,2300
52,2300
52,2300
53,2300
56,2300
57,2300
57,2300
59,2300
59,2300
59,2300
63,2300
68,2300
78,2300
35,2350
40,2350
23,2400
30,2400
34,2400
34,2400
40,2400
41,2400
42,2400
44,2400
44,2400
44,2400
46,2400
49,2400
49,2400
52,2400
54,2400
55,2400
56,2400
58,2400
59,2400
59,2400
62,2400
63,2400
68,2400
76,2400
47,2450
55,2450
68,2450
66,2460
23,2500
27,2500
29,2500
30,2500
31,2500
31,2500
32,2500
32,2500
33,2500
34,2500
35,2500
35,2500
36,2500
40,2500
41,2500
41,2500
42,2500
42,2500
43,2500
43,2500
43,2500
43,2500
43,2500
45,2500
45,2500
45,2500
45,2500
46,2500
46,2500
47,2500
47,2500
47,2500
47,2500
47,2500
48,2500
48,2500
50,2500
50,2500
51,2500
52,2500
53,2500
54,2500
55,2500
55,2500
56,2500
57,2500
59,2500
60,2500
60,2500
60,2500
61,2500
61,2500
61,2500
62,2500
62,2500
63,2500
63,2500
64,2500
64,2500
66,2500
66,2500
67,2500
69,2500
69,2500
69,2500
71,2500
73,2500
74,2500
74,2500
74,2500
77,2500
79,2500
47,2558
33,2600
34,2600
35,2600
40,2600
40,2600
42,2600
50,2600
50,2600
54,2600
62,2600
65,2600
69,2600
27,2700
28,2700
33,2700
40,2700
40,2700
43,2700
44,2700
45,2700
45,2700
56,2700
62,2700
67,2700
68,2700
40,2750
46,2750
49,2750
51,2750
67,2750
36,2800
37,2800
40,2800
45,2800
45,2800
45,2800
47,2800
49,2800
49,2800
50,2800
56,2800
58,2800
58,2800
61,2800
67,2800
67,2800
74,2800
84,2800
84,2800
89,2800
34,2900
35,2900
36,2900
42,2900
46,2900
47,2900
50,2900
40,2950
66,2950
33,2955
32,3000
35,3000
36,3000
36,3000
37,3000
37,3000
41,3000
42,3000
43,3000
43,3000
43,3000
44,3000
44,3000
45,3000
46,3000
48,3000
48,3000
48,3000
48,3000
49,3000
49,3000
50,3000
50,3000
50,3000
52,3000
52,3000
54,3000
55,3000
56,3000
56,3000
57,3000
57,3000
57,3000
58,3000
59,3000
59,3000
59,3000
61,3000
62,3000
63,3000
63,3000
63,3000
64,3000
64,3000
69,3000
75,3000
75,3000
76,3000
76,3000
77,3000
81,3000
85,3000
90,3000
42,3100
47,3100
60,3100
65,3100
31,3200
40,3200
58,3200
72,3200
27,3240
43,3300
47,3300
48,3300
53,3300
58,3300
58,3300
41,3400
44,3400
45,3400
51,3400
61,3400
63,3400
32,3500
32,3500
34,3500
38,3500
40,3500
42,3500
43,3500
43,3500
44,3500
47,3500
47,3500
49,3500
49,3500
49,3500
51,3500
51,3500
52,3500
53,3500
53,3500
58,3500
58,3500
58,3500
58,3500
63,3500
63,3500
65,3500
67,3500
70,3500
71,3500
72,3500
72,3500
75,3500
77,3500
43,3600
47,3600
52,3600
54,3600
55,3600
57,3600
60,3600
62,3600
69,3600
46,3700
53,3700
58,3700
36,3800
37,3800
53,3800
63,3800
34,3850
41,3860
38,3900
42,3900
50,3900
32,4000
33,4000
36,4000
42,4000
44,4000
45,4000
46,4000
46,4000
47,4000
50,4000
51,4000
51,4000
55,4000
55,4000
56,4000
57,4000
58,4000
58,4000
58,4000
62,4000
62,4000
62,4000
63,4000
63,4000
64,4000
67,4000
81,4000
33,4100
47,4100
76,4100
49,4150
39,4500
39,4500
47,4500
48,4500
50,4500
53,4500
57,4500
59,4500
71,4500
40,4600
48,4750
46,5000
47,5000
50,5000
54,5000
55,5000
56,5000
57,5000
57,5000
58,5000
59,5000
59,5000
62,5000
78,5000
52,5500
55,5500
60,5500
46,6000
46,6000
61,6684
44,7500
54,7500
62,7500
62,7500
63,7500
69,7500
80,7500
43,8000
54,9000
52,9300
